
time2d=00000002;
nstep2d=2;
twodfolder='/home/ph123693/Documents/2D/results/w2d_32676.D288-125e8/plots/../out/';
TWODRUNID=32676;
dr=0.5;
dt=0.2;
atom_mass=32;
particlenorm=4056.000000;
collfac2d=87085346.215781;
fac1d2d=1.0;
Ti_over_Te2d=0.008;
Te02d=4.0;
L_db02d=1.329119e-02;
voltage2d=800;
ne02d=125e8;
sizez2d=1012;
pressure=10.0;
dt_ntrl=1;
dt_ion=1;
dt_nion=1;
nn_pc=9;
Ncell1=6.0;
navdt=1;
nr=1350;
first1d=00000001;
last2d=00000005;
start2d=1;
mintime2d=00000000;
maxtime2d=10000000;
time1d=00000002;
nstep1d=2;
onedfolder='../../w1d_32670.D288-32669/out/';
ONEDRUNID=32670;
collfac1d=38000;
ne01d=5e9;
Te01d=4.0;
voltage1d=800;
nz1d=640;
L_db01d=0.021015 ;
first1d=00000002;
last1d=00000585;
start1d=2;
mintime1d=1;
maxtime1d=2;
ntrlzconst=1;
debyediag=0;
tempzdiag=1;
negion=1;
colldiag=0;
velzdiag=1;
taskpernode=8;
isosamples=10000;
lines=50;
axisoffset=10;
fullines=60;
names2d=[ 'phi' 'e_dens_' 'i_dens_' 'ni_dens_' 'n_dens_' ];
namev2d=[ 'e_vel' 'i_vel' 'ni_vel' 'n_vel' ];
velsuf2d=[ 'r_' 'z_' 't_' ];
timevec2d=[ 00000001 ];
timevec1d=[ 00000002 00000012 00000022 00000032 00000042 00000052 00000062 00000072 00000082 00000092 00000102 00000112 00000122 00000132 00000142 00000152 00000162 00000172 00000182 00000192 00000202 00000212 00000222 00000232 00000242 00000252 00000262 00000272 00000282 00000292 00000302 00000312 00000322 00000332 00000342 00000352 00000362 00000372 00000382 00000392 00000402 00000412 00000422 00000432 00000442 00000452 00000462 00000472 00000482 00000492 00000502 00000512 00000522 00000532 00000542 00000552 00000562 00000572 00000582 ];
timesize2d=5;
timesize1d=584;
